-0.63789311583821
1.2258785258541
2.0924286939114
3.46307442796195
4.68448773319021
6.31288164362844
6.63837825605975
6.42777531568705
5.56013170721009
5.18372571352885
3.76251205555215
3.01473848769728
2.40018342872605
3.72737050947424
4.51847185426682
4.9610493003392
4.58083919202045
4.09289788617763
3.93424665568235
4.24051408056241
5.52030360502399
7.38635828948765
8.59096733015057
10.8373971471728
10.6331223867938
11.1129974455194
10.9266266353504
12.1183980239167
12.5891976690685
14.2378231632436
15.4356400768104
14.395456034301
13.2202650225248
10.6590333670736
9.04503605688483
9.81270363989893
8.07814546198951
7.84441887618752
6.28198464983368
7.01315311432957
8.90626976940553
9.39259955292435
9.47103462687349
9.45709515062086
9.06845396071392
11.3783640555034
13.1251352592016
13.634850121574
14.6296447681542
15.5276926123762
16.0864091550914
16.3850208595893
17.0429523258493
16.4391486815438
14.8540668083878
15.393031243883
13.7082103293898
12.5415854102095
10.6374196174729
9.57504305576154
9.83983133583636
7.95077837763229
7.52526357867506
7.17740745252894
5.58855885378329
2.5451533003116
1.12435099635851
-0.0281156483249707
-0.618474426894912
-0.214363496118618
1.79568990992803
3.09895700169742
3.45412167511168
5.13103837637813
5.4119226651645
4.45097042724229
3.24800740576769
4.85161604840229
5.14164630024911
5.75818732537178
5.01108290223302
3.31407504756666
1.7932461983257
2.09177971077952
1.83160582992083
2.49235974545633
1.49689376378909
0.3997616565731
-1.14464810381441
-2.59503144738667
-2.37019832927047
-2.32024895492911
-2.11269088666596
-1.71279897063313
-2.04740845840457
-3.7108501958456
-5.20623484667036
-6.12461803887156
-5.7493662809493
-5.74226374196747
-6.03983297537288
-4.6329407561644
-4.42182955726571
-3.85004931647398
-4.03375012924913
-3.74730501929259
-5.09205509894699
-6.55212965945314
-7.85397340616013
-7.7578066467792
-8.16005986882758
-8.14374008588405
-8.55011067089622
-9.68495085669593
-9.79029279238331
-10.3242283421264
-9.34979884940173
-8.22462682023092
-7.58793258817212
-6.68669776891615
-6.09598807673568
-5.2263702486629
-5.02606279849972
-7.02234143899556
-8.26291457095606
-8.47126686215509
-9.598947879068
-11.5019682951104
-13.2714302630696
-15.0261648873144
-15.8354831337147
-16.2678504694793
-15.5358211499586
-13.3698974002794
-11.8716975929008
-10.8471610483543
-9.8797385666969
-9.53966736555398
-9.41497122973099
-9.42656684956761
-9.17059696063718
-8.85243435249454
-8.87199002563308
-8.82664761510695
-8.97217979612254
-8.2793720546733
-7.78766884895293
-8.07326689794243
-8.52567531479863
-9.53278337009536
-10.0352168635551
-9.54053887116456
-8.5621902146851
-7.67593263054619
-7.14662296537739
-6.48662207466259
-6.07930639036767
-7.83603526498305
-8.70737623572687
-9.6899157668636
-9.10938459814101
-6.53441246286905
-5.9716548103492
-4.98785056535175
-4.17516830527861
-4.12999850967214
-3.47815164972796
-2.31363726327866
-1.59167554393973
-1.38149904131625
-2.32019072037461
-3.60208995215515
-4.73242595753841
-5.77447802506448
-5.55001913610887
-5.65887042051329
-3.83979037296302
-2.99642516692643
-0.83052252828188
0.84755051849258
0.936748744288992
1.57612480287098
2.05185981009527
2.02817090937443
2.86421505427904
3.9628112039367
5.75003150586976
5.9796066324776
5.57864095016351
4.28540889430914
0.359332156195705
-2.05657129276699
-2.5071921407521
-2.15127713506423
-3.23217074220426
-4.83937658092051
-7.75325141044005
-8.56144187705374
-9.46157487727605
-11.0589900792176
-11.2978103721955
-11.7185632671051
-13.5309660824861
-14.8235313084402
-15.701667493277
-16.1526816226017
-16.0583835736779
-16.6197375393503
-16.3757673114683
-17.4069229331676
-16.7821894558177
-16.9436433320153
-16.6144566075848
-15.7704994917289
-15.4788258833636
-16.8752424527126
-18.1922010065701
-19.6953797402615
-21.1379668638578
-21.3022634953264
-20.7325439323515
-20.0960271547541
-20.361087296828
-17.9333104387057
-17.8605139894451
-19.4168627679657
-20.1659894671245
-17.9624904494164
-16.7472311765396
-17.1534464337891
-17.8691952198006
-15.8213661223994
-15.1592937562153
-15.2031854536099
-15.5039322255726
-14.9663384025202
-13.921428915923
-13.6452909353864
-15.3798395733056
-14.7120465528551
-15.4943025684741
-16.5312267483098
-17.0416823890067
-16.9768926638906
-18.152688135178
-18.663517144457
-18.1346353168596
-17.2896073448144
-15.8282464096465
-15.6918175510008
-15.7249728814098
-14.6516711177371
-13.3823303365544
-12.0957586146219
-10.1284989988239
-9.20095734906146
-7.92557621002715
-7.85164536341764
-8.06340997925157
-8.0570699243097
-7.48418633633719
-9.74332750221711
-10.1881937766025
-10.077827392743
-8.65048832688396
-6.54759409569688
-4.42852202410328
-2.7695357637808
-0.954687594836343
0.250215819655406
1.73917038246685
3.1457326131091
4.97376774269498
5.57691346774017
5.60768257219474
6.03416158938353
5.22583820609691
4.27671142978736
3.9063429346218
5.44014565607845
7.32783973216896
7.32920118945736
5.47470898258973
3.15799972283918
0.4911921545448
-2.02686079662355
-3.4068152091045
-3.34088358749167
-3.16365647876662
-2.66240576882078
-4.1992253538759
-4.75477966039027
-4.28451451354305
-4.75781756583985
-5.58109021903985
-6.36833539420581
-7.3830836256742
-7.79392782049586
-8.68699258354568
-9.75115005249992
