0.00337543823643741
0.000877131218766481
0.00334466306277261
0.0026918786443305
-0.00106449404408577
-0.00262062562084207
-0.00125432391544398
-0.00141944350191143
0.00272022171095723
-0.00486271274660665
0.00163274206543826
0.00455630917032493
-1.73453964764365e-05
-0.00265156649024827
-0.00268951693920567
0.000423757408879548
-0.00090863124133012
0.00101440579648257
-0.000167811233878322
0.000221312128933557
0.00219539515671831
0.00189442585538432
-0.00364089659487411
0.00071796820458683
0.00415348804829253
0.000425894495521866
-0.0016200381967731
0.00359006936390681
-0.00376465793972803
0.000897167064203759
0.00172839679084393
0.000359537690512176
-0.00116796942025314
-0.00170853002985007
0.00350844315118048
-0.00131749280004152
0.0024057267260967
0.000254087194533802
0.00467375741002462
0.0010605948892583
-0.00256897599289116
-0.00304322837915537
-0.000139896712906053
0.000231276067529299
0.000232143883718529
-0.00140727716787733
0.00138551787115856
-0.000147926316392888
-0.00084691350989705
0.00327284996173625
0.000324179435611472
-0.00136868819622393
-0.000395004621368241
0.00152225387725883
0.00132872509741237
-0.00369693636759153
-0.00146188514920144
-0.00115278993283168
-0.00189308209442818
-0.00183301114617915
-0.00187046390820534
-0.00229734840437029
-0.00130922076060223
-0.000799696154333823
0.000382375650275049
-0.000823934122682565
0.000948357079056521
-0.0034258130940802
0.0024524651251074
0.00138101151459812
-6.0290156854679e-05
-0.000620066478617983
-0.00159948616812611
-0.00282044115455659
-0.000829282467793515
0.00135306653843787
-0.000899444319060619
0.00091982585877165
-0.000365653861352293
0.00075962270956507
-0.000810171673452431
-0.00208678013018049
0.000412440453709065
0.00143387633965099
-0.00249368447175007
0.00309356087496648
-0.00166306039303462
-0.00209864065774936
0.00106035035198508
0.00327453468011671
0.000160523040219347
-0.00219514588428536
-0.000983521356223343
0.00248021321026639
0.00181045412595213
-0.000540554235652308
0.00152457084395188
-0.00255041490904023
0.000851783947072174
0.00200683599359197
0.00183945564197285
0.000607521196446553
0.000139670429028763
0.001291364641741
-0.00134369818234088
5.53605397196075e-06
-0.000659589865203929
0.00223134030656399
0.00453513808496198
-0.00645569580115939
0.0018644081070673
0.00157562733331089
-0.00313084064967113
-0.0031941589194962
-0.00310909469770874
-0.00326626055574676
0.000555239710698545
-0.00269106824494251
-0.0047396228590653
-0.000845767672352069
-0.000751164039390441
-0.00157295422357495
0.00528823036598415
0.00408448317928868
0.000481633145756531
0.00203366556918438
0.00177868381551016
0.00129953419423167
-0.00363005286333052
0.00425200635584617
0.00536494698532477
-0.000711634169906061
-0.00216472804048721
-0.00135310258099015
0.00466313060754975
-0.000608096085773589
0.00210346952985815
0.00424876719703364
0.00304372786524715
0.00310855493830165
-0.0029830872465046
0.00357880895862544
-0.00134658245119231
-0.00206649924388845
0.0023991749376075
-0.00132480350991034
-0.00126423349098832
0.00240211717881522
0.000907421363389935
0.0010679347444284
-0.000972445038101743
-0.00129402330293976
-0.00141284851330902
-0.000528351826620592
-0.0020584714313266
-0.00481317548488029
-0.00174966177292514
-0.00186598080402086
-0.000879772300725313
0.00022515438977387
-0.000530904775295598
0.00127598982166654
-0.00464666281898727
0.0027245933636556
-0.00158347990053862
0.00106539134222913
0.000833035360860378
-3.23866374875008e-05
-4.77863342827179e-05
0.00163170791871358
0.000297246658344233
0.000255689927371547
-0.00117096992291329
0.0014268715197236
-0.00459136957709834
0.0019596794654447
0.00241665937721204
0.0021778924688251
0.000628498479735629
0.0004649964417918
-0.00108897424348947
0.000890332004140572
0.00180557588058912
0.000743174740893094
0.000838301265124132
0.000335049172535014
0.000459714704581129
0.00233203401690745
0.00137600076155019
-0.00165907914612256
4.97763936301916e-05
-0.000290874999393778
0.0004515711928959
0.00163416890792592
0.00198156383260547
0.00144653405562529
-0.000758857259675062
-0.00294344615537605
0.00188991979119135
0.000996674448158816
-0.00090616057771741
0.00236171607482478
0.000556424935586051
0.000839896509656968
-0.000595850183581695
0.00106435660586301
0.000110555335506146
0.000160548882236554
-0.00138171192322681
0.000965561060867751
-0.00170707199430021
-0.00441783977768337
-0.00399502853199175
-0.00343503144744941
-0.0011156934000385
0.00142927339440528
0.00139327502993594
0.00152636238717729
0.00351164511154488
0.00080576216216045
-0.00470789778063233
-0.00150163934606125
-0.000263915432886892
-0.000550986189830004
-2.07152486077421e-05
-0.00288017080200251
-0.00189579447461459
0.00239893663430445
0.0042284697767025
0.00195042133050305
-0.000611192043807442
0.0037880562816391
0.00210474032890447
-0.00134813592447299
-0.00316542681019735
0.00152071081241371
-0.00547390978984144
-0.00176219154171454
-0.00510344993065003
-0.00488960390630911
0.00451205286927616
-0.00631015113522587
0.000914770049847889
-0.00484342358356123
-0.00800544328539992
-0.00232515565114133
0.00347554904251381
-0.00193614991572022
0.00282374783386314
0.00166476933951628
0.000354414237866056
-0.00191631647357462
-0.00306819832203879
0.00221730461091499
-0.0005133348196792
-7.2339090594731e-05
0.000701435465577655
0.00329077588163722
0.00145201590992346
0.00107306633567052
-0.00492923133470329
-0.00424691530916113
-0.000912401953034072
-6.10850875011758e-05
0.00334047829601162
-0.00346654271420957
-0.001847754679996
-0.00295560467556931
-0.00179722502586763
9.56507150064559e-05
0.00351412561282117
-0.00249327528160307
-0.00309986177671945
0.000469581469720453
-0.00452283502641708
-0.00120742968838812
-0.000839520530767738
-0.0011400303647498
-0.00279041205245344
-0.00053716101094643
0.00155226518095332
-0.00121553462272994
-0.00366386331867621
-0.00132595199678995
0.00271343911484094
0.00546520935679806
-0.00237934235877605
0.00132841721921989
0.00252933384216218
-0.00161313871354499
-0.000789692367102934
0.000590464763721059
0.00174358015542691
0.00073021390348124
0.00167793872562658
0.00121052126107827
-3.66553786732091e-05
8.65403180551646e-05
-0.00229205164235871
-0.000162631941358965
